         0  1         2   3     4  5   6 ...  8  9      10      11    12  13  14
0     39.0  2   77516.0   0  13.0  3   4 ...  0  0  2174.0     0.0  40.0   0   0
1     37.0  1  284582.0   4  14.0  0   0 ...  0  1     0.0     0.0  40.0   0   0
2     37.0  1  280464.0   9  10.0  0   0 ...  1  0     0.0     0.0  80.0   0   1
3     23.0  4  190709.0   5  12.0  3  12 ...  0  0     0.0     0.0  52.0   0   0
4     21.0  1  197200.0   9  10.0  3   9 ...  0  0     0.0     0.0  40.0   0   0
5     19.0  1  544091.0   1   9.0  6   4 ...  0  1     0.0     0.0  25.0   0   0
6     57.0  3  337895.0   0  13.0  0   2 ...  1  0     0.0     0.0  40.0   0   1
7     50.0  3  251585.0   0  13.0  1   0 ...  0  0     0.0     0.0  55.0   0   1
8     46.0  1  216666.0  13   3.0  0   9 ...  0  0     0.0     0.0  40.0   5   0
9     41.0  1  147372.0   1   9.0  0   4 ...  0  0     0.0     0.0  48.0   0   0
10    29.0  1  105598.0   9  10.0  1  10 ...  0  0     0.0     0.0  58.0   0   0
11    27.0  1  213921.0   1   9.0  3   3 ...  0  0     0.0     0.0  40.0   5   0
12    67.0  5  212759.0  11   6.0  0  11 ...  0  0     0.0     0.0   2.0   0   0
13    18.0  1  446839.0   1   9.0  3   5 ...  0  0     0.0     0.0  30.0   0   0
14    46.0  1   51618.0   1   9.0  0   3 ...  0  1     0.0     0.0  40.0   0   0
15    48.0  1  171095.0   5  12.0  1   0 ...  0  1     0.0     0.0  40.0  13   0
16    20.0  1  188300.0   9  10.0  3  10 ...  0  1     0.0     0.0  40.0   0   0
17    29.0  1  103432.0   1   9.0  3   6 ...  0  0     0.0     0.0  40.0   0   0
18    42.0  1  124692.0   1   9.0  0   1 ...  0  0     0.0     0.0  40.0   0   0
19    53.0  1   95647.0   3   5.0  0   1 ...  0  0     0.0     0.0  50.0   0   0
20    49.0  4  197371.0   6  11.0  0   6 ...  1  0     0.0     0.0  40.0   0   1
21    22.0  1  102632.0   1   9.0  3   6 ...  0  0     0.0     0.0  41.0   0   0
22    21.0  1  199915.0   9  10.0  3   3 ...  0  1     0.0     0.0  40.0   0   0
23    20.0  1  111697.0   9  10.0  3   4 ...  0  1     0.0  1719.0  28.0   0   0
24    39.0  1  365739.0   9  10.0  1   6 ...  0  0     0.0     0.0  40.0   0   0
25    22.0  1  175374.0   9  10.0  0   3 ...  0  0     0.0     0.0  24.0   0   0
26    47.0  4  186009.0   9  10.0  1   4 ...  0  1     0.0     0.0  38.0   5   0
27    71.0  0  494223.0   9  10.0  4   5 ...  1  0     0.0  1816.0   2.0   0   0
28    36.0  1  207157.0   9  10.0  1   3 ...  0  1     0.0     0.0  40.0   5   0
29    28.0  2  175325.0   1   9.0  0  12 ...  0  0     0.0     0.0  40.0   0   0
...    ... ..       ...  ..   ... ..  .. ... .. ..     ...     ...   ...  ..  ..
6482  56.0  1  135458.0   1   9.0  1  10 ...  1  1     0.0     0.0  40.0   0   0
6483  53.0  4  186303.0   9  10.0  0  12 ...  0  0     0.0  1887.0  40.0   0   1
6484  48.0  1  325372.0  12   2.0  0   9 ...  0  0     0.0     0.0  40.0  23   0
6485  33.0  1  168387.0   2   7.0  0   3 ...  0  0     0.0     0.0  40.0   0   0
6486  29.0  1  183854.0   1   9.0  3   5 ...  0  1     0.0     0.0  25.0   0   0
6487  57.0  0   65080.0   1   9.0  0   6 ...  0  0     0.0     0.0  50.0   0   1
6488  23.0  1   45834.0   0  13.0  3   0 ...  0  1     0.0     0.0  50.0   0   0
6489  47.0  1  161950.0   1   9.0  1   3 ...  0  1     0.0     0.0  32.0   0   0
6490  25.0  1  175128.0   1   9.0  0   7 ...  0  0     0.0     0.0  40.0   0   0
6491  18.0  1   41381.0   1   9.0  3   5 ...  0  1     0.0  1602.0  20.0   0   0
6492  38.0  1  257416.0   3   5.0  0   7 ...  1  0     0.0     0.0  40.0   0   0
6493  50.0  1  257933.0   9  10.0  1   4 ...  0  1     0.0     0.0  40.0   0   0
6494  24.0  1  284317.0   0  13.0  3   9 ...  0  1     0.0     0.0  32.0   0   0
6495  45.0  6  173664.0   0  13.0  0   0 ...  0  0     0.0     0.0  45.0   0   1
6496  41.0  3  160467.0   4  14.0  1   2 ...  0  1  1506.0     0.0  40.0   0   0
6497  36.0  1  186819.0   5  12.0  0   6 ...  0  0     0.0     0.0  52.0   0   1
6498  52.0  1  301229.0   6  11.0  4   5 ...  0  1     0.0     0.0  40.0   0   0
6499  32.0  1  157747.0   9  10.0  0   2 ...  0  0     0.0     0.0  40.0   0   0
6500  27.0  1  155382.0   9  10.0  3   3 ...  0  1     0.0     0.0  25.0   0   0
6501  42.0  0  217597.0   1   9.0  1   5 ...  0  0     0.0     0.0  50.0   4   0
6502  26.0  1  179010.0   9  10.0  3   6 ...  0  0     0.0     0.0  65.0   0   0
6503  18.0  1  436163.0   2   7.0  3   2 ...  0  0     0.0     0.0  20.0   0   0
6504  36.0  1  131459.0   7   4.0  0   6 ...  0  0     0.0     0.0  40.0   0   0
6505  32.0  1  211349.0  11   6.0  0   7 ...  0  0     0.0     0.0  40.0   0   0
6506  30.0  5   33811.0   0  13.0  3  11 ...  2  1     0.0     0.0  99.0   0   0
6507  71.0  5  287372.0   8  16.0  0  11 ...  0  0     0.0     0.0  10.0   0   1
6508  53.0  1  321865.0   4  14.0  0   0 ...  0  0     0.0     0.0  40.0   0   1
6509  22.0  1  310152.0   9  10.0  3  12 ...  0  0     0.0     0.0  40.0   0   0
6510  40.0  1  154374.0   1   9.0  0   9 ...  0  0     0.0     0.0  40.0   0   1
6511  22.0  1  201490.0   1   9.0  3   4 ...  0  0     0.0     0.0  20.0   0   0

[6512 rows x 15 columns]
knn-fit:  0.1870069860000001
knn-predict:  0.15130882099999976
knn-accuracy:  0.7693488943488943
tree-fit:  0.216490576
tree-predict:  0.0032539270000002674
tree-accuracy:  0.8154176904176904
RandomForest-fit:  0.3564163880000004
RandomForest-predict:  0.029275510000000615
RandomForest-accuracy:  0.8511977886977887
svc-fit:  109.17525451
svc-predict:  5.765287189000006
svc-accuracy:  0.7911547911547911
knn-fit:  0.09987433199999884
knn-predict:  0.08347730999999214
knn-accuracy:  0.7693488943488943
tree-fit:  0.12054684299999963
tree-predict:  0.0023212499999942793
tree-accuracy:  0.8140356265356266
RandomForest-fit:  0.23210688500000742
RandomForest-predict:  0.015875590000007378
RandomForest-accuracy:  0.8596437346437347
svc-fit:  107.83521097700002
svc-predict:  5.768055320000002
svc-accuracy:  0.7911547911547911
knn-fit:  0.10011067600001411
knn-predict:  0.08284692300000529
knn-accuracy:  0.7693488943488943
tree-fit:  0.12120877000000974
tree-predict:  0.0021655980000048203
tree-accuracy:  0.8158783783783784
RandomForest-fit:  0.22192443700001263
RandomForest-predict:  0.015708879999976944
RandomForest-accuracy:  0.8507371007371007
svc-fit:  107.69280621699997
svc-predict:  5.763729038999998
svc-accuracy:  0.7911547911547911
knn-fit:  0.10042443599996886
knn-predict:  0.082979636999994
knn-accuracy:  0.7693488943488943
tree-fit:  0.12115347299999257
tree-predict:  0.0021725610000089546
tree-accuracy:  0.8180282555282555
RandomForest-fit:  0.22671357500001932
RandomForest-predict:  0.0159824979999712
RandomForest-accuracy:  0.8492014742014742
svc-fit:  107.79963118899997
svc-predict:  5.764372943000012
svc-accuracy:  0.7911547911547911
knn-fit:  0.09965191499998127
knn-predict:  0.08263433700000178
knn-accuracy:  0.7693488943488943
tree-fit:  0.12082947300001479
tree-predict:  0.0021725610000089546
tree-accuracy:  0.816953316953317
RandomForest-fit:  0.2272239460000378
RandomForest-predict:  0.015822340999989137
RandomForest-accuracy:  0.8521191646191646
svc-fit:  107.79032694099999
svc-predict:  5.786356609999984
svc-accuracy:  0.7911547911547911
knn-fit:  0.09976251000000502
knn-predict:  0.08335975399995732
knn-accuracy:  0.7693488943488943
tree-fit:  0.12123375600003783
tree-predict:  0.0021803439999530383
tree-accuracy:  0.816031941031941
RandomForest-fit:  0.22547082400001273
RandomForest-predict:  0.01592023800003517
RandomForest-accuracy:  0.8490479115479116
svc-fit:  107.68474308099997
svc-predict:  5.763072437000005
svc-accuracy:  0.7911547911547911
knn-fit:  0.09982026399995902
knn-predict:  0.08264048099999854
knn-accuracy:  0.7693488943488943
tree-fit:  0.12039078299994799
tree-predict:  0.0019689860000653425
tree-accuracy:  0.8167997542997543
RandomForest-fit:  0.22118386499994358
RandomForest-predict:  0.01579489799996736
RandomForest-accuracy:  0.8508906633906634
svc-fit:  110.35264922199997
svc-predict:  8.13060845599989
svc-accuracy:  0.7911547911547911
knn-fit:  0.1900282540000262
knn-predict:  0.11875767499998346
knn-accuracy:  0.7693488943488943
tree-fit:  0.17739061700001457
tree-predict:  0.002578072999995129
tree-accuracy:  0.8149570024570024
RandomForest-fit:  0.35915216099999725
RandomForest-predict:  0.020264949999955206
RandomForest-accuracy:  0.8539619164619164
svc-fit:  113.41068331600002
svc-predict:  5.839507356000013
svc-accuracy:  0.7911547911547911
knn-fit:  0.10017252700004065
knn-predict:  0.08279695099997753
knn-accuracy:  0.7693488943488943
tree-fit:  0.12038709600005859
tree-predict:  0.001996019999978671
tree-accuracy:  0.8140356265356266
RandomForest-fit:  0.22202438199997232
RandomForest-predict:  0.015817017000017586
RandomForest-accuracy:  0.8544226044226044
svc-fit:  107.838570173
svc-predict:  5.757141311999931
svc-accuracy:  0.7911547911547911
knn-fit:  0.09972400600008768
knn-predict:  0.08596813799999836
knn-accuracy:  0.7693488943488943
tree-fit:  0.12185185399994225
tree-predict:  0.002143479000096704
tree-accuracy:  0.816953316953317
RandomForest-fit:  0.22508947900018939
RandomForest-predict:  0.01612790900003347
RandomForest-accuracy:  0.8518120393120393
svc-fit:  107.7727215750001
svc-predict:  5.763242834000039
svc-accuracy:  0.7911547911547911
